image: world_slam_karto.pgm
resolution: 0.050000
origin: [-7.487538, -7.010377, 0.000000]
negate: 0
occupied_thresh: 0.65
free_thresh: 0.196

